685
680
126
160
157
170
161
157
121
119
120
126
124
128
109
128
114
118
129
143
149
154
161
146
146
154
156
158
161
160
159
153
124
140
144
165
161
162
155
157
640
642
129
147
147
187
176
136
178
182
199
209
206
308
649
644
655
633
657
670
661
221
192
199
127
126
138
135
125
132
140
138
134
152
149
142
156
153
168
162
165
178
242
225
203
231
219
167
164
163
120
95
112
132
119
134
128
126
153
152
136
164
90
122
133
123
118
118
111
128
108
106
110
98
93
101
101
105
107
108
114
119
126
125
137
91
107
606
628
606
638
642
618
706
16
12
51
50
637
656
650
630
623
611
297
303
65535
298
65535
309
65535
315
307
317
314
305
454
65535
65535
30
31
65535
65535
65535
26
32
68
114
26
65535
38
65535
37
37
37
65535
578
580
89
82
63
558
566
578
504
46
28
24
65535
65535
570
554
553
65535
577
522
21
20
19
8
10
65535
65535
65535
65535
65535
29
50
65535
241
164
119
23
65535
65535
536
65535
65535
65535
65535
539
65535
65535
539
605
65535
654
65535
654
65535
65535
65535
65535
65535
657
65535
65535
65535
591
589
65535
65535
569
587
578
65535
65535
65535
65535
65535
574
65535
589
578
65535
65535
584
65535
65535
65535
65535
65535
564
65535
562
65535
566
563
577
536
65535
65535
583
563
558
580
578
587
580
250
573
570
587
138
37
44
250
77
95
97
98
250
250
250
250
108
250
105
50
65
250
71
79
75
250
250
67
250
560
250
250
566
250
566
250
250
250
250
583
566
563
583
250
590
250
568
250
250
563
